  I Name                                Adress              Z     U  R  0  1  2  3  4  5  6  7  8  9 10 11 12 13 14 15 16 17 18 19 20 21 22 23 24 25 26 27 28 29 30 31  
  I Name                                Adress              Z     U  R  0  2  2  0  0  0  0  0  0  0  0  0  2  2  1  1  2  2  0  0  2  2  1  0  0  0  0  0  0  0  0  3  
  0 КТС_горгаз                          победы              2   1.1  R  0  1  0  0  0  0  0  0  0  0  0  0  0  0  1  0  0  0  0  0  0  0  0  0  0  0  0  0  0  0  0  1  
  1 Кладовая_Беларусбанк                17сентября_1        2   2.8  R  0  0  0  0  0  0  0  0  1  0  0  0  0  0  0  0  0  0  0  0  0  0  0  0  0  0  0  0  0  0  0  0  
  2 КТС_беларусбанк                     17сентября_1        2   1.1  R  0  0  0  0  0  0  0  0  1  0  0  0  0  0  0  0  0  0  0  0  0  0  0  0  0  0  0  0  0  0  0  0  
  3 КТС_рынок_Лань                      Гагарина_23         2   0.7  R  0  0  0  0  0  0  0  0  0  0  0  0  0  0  0  0  0  0  0  0  0  0  0  0  0  0  0  1  0  0  0  0  
  4 Музей                               Гагарина_6          2  13.5  R  0  0  0  0  0  0  0  0  0  0  0  0  0  0  0  0  0  0  0  0  0  0  0  0  0  0  0  1  1  0  0  0  
  5 Аптека_№1                           Победы_87           2  10.3  R  0  0  0  0  0  0  0  0  0  0  0  0  0  0  0  0  0  0  0  0  0  0  0  0  0  0  0  0  0  0  0  1  
  6 КТС_пост_HBR                        маяковского_4       2   1.4  R  0  0  0  0  0  0  0  0  0  1  0  0  0  0  0  0  0  0  0  0  0  0  0  0  0  0  0  0  0  0  0  0  
  7 Флаг_шток_РИК                       Маяковского_4       2   0.5  R  0  0  0  0  0  0  0  0  0  1  0  0  0  0  0  0  0  0  0  0  0  0  0  0  0  0  0  0  0  0  0  0  
  8 Касса_коопзаготпром                 Гагарина_1          2   1.0  R  0  0  0  1  0  0  0  0  0  0  0  0  0  0  0  0  0  0  0  0  0  0  0  0  0  0  0  0  0  0  0  0  
  9 Оруж_комната_РОВД                   Ленина_5            2   1.5  R  0  0  0  0  0  0  0  0  0  1  0  0  0  0  0  0  0  0  0  0  0  0  0  0  0  0  0  0  0  0  0  0  
 10 Периметр_сигн_РОВД                  Ленина_5            2   4.0  R  0  0  0  0  0  0  0  0  0  1  0  0  0  0  0  0  0  0  0  0  0  0  0  0  0  0  0  0  0  0  0  0  
 11 Следственный_комитет                Садовая_13          2  15.1  R  0  0  1  1  0  0  0  0  0  0  0  0  0  0  0  0  0  0  0  0  0  0  0  0  0  0  0  0  0  0  0  0  
 12 Кабинет_вещдоков                    Садовая_13          2   5.1  R  0  0  1  0  0  0  0  0  0  0  0  0  0  0  0  0  0  0  0  0  0  0  0  0  0  0  0  0  0  0  0  0  
 13 КТС_диспетч_жкх                     школьная_18         2   0.5  R  0  0  0  0  0  0  0  0  0  0  0  0  0  0  0  0  0  0  0  0  1  0  0  0  0  0  0  0  0  0  0  0  
 14 КТС_пост_РСУ                        техническая_5       2   0.7  R  0  0  0  0  0  0  0  0  0  0  0  0  0  0  1  0  0  0  0  0  0  0  0  0  0  0  0  0  0  0  0  0  
 15 КТС_цех_памятников                  победы_149          2   0.6  R  0  0  0  0  0  0  0  0  0  0  0  0  0  0  1  0  0  0  0  0  0  0  0  0  0  0  0  0  0  0  0  0  
 16 КТС_пост_ст_2го_подъема             победы_200          2   1.9  R  0  0  0  0  0  0  0  0  1  0  0  0  0  0  0  0  0  0  0  0  0  0  0  0  0  0  0  0  0  0  0  0  
 17 комната_хран_оружия_лагуна          победы              2   2.4  R  0  0  0  0  0  0  0  0  0  0  0  0  0  0  1  0  0  0  0  0  0  0  0  0  0  0  0  0  0  0  0  0  
 18 КТС_аптека_№5                       советская_49        2   0.8  R  0  0  0  0  0  0  0  0  0  0  0  0  0  1  0  0  0  0  0  0  0  0  0  0  0  0  0  0  0  0  0  0  
 19 КТС_бар_аленка                      Советская_64        2   0.6  R  0  0  0  0  0  0  0  0  0  0  0  0  0  1  0  0  0  0  0  0  0  0  0  0  0  0  0  0  0  0  0  0  
 20 КТС_аптека_официна                  советская_3         2   0.7  R  0  0  0  0  0  0  0  0  0  0  0  0  0  0  0  0  0  0  0  0  1  0  0  0  0  0  0  0  0  0  0  0  
 21 КТС_пост_автопарк                   Лермонтова_2        2   0.6  R  0  0  0  0  0  0  0  0  0  0  0  0  0  0  0  1  0  0  0  0  0  0  0  0  0  0  0  0  0  0  0  0  
 22 КТС_муз_школа                       Маяковского_8       2   0.8  R  0  0  0  0  0  0  0  0  0  0  0  0  0  0  0  0  0  0  0  0  0  1  0  0  0  0  0  0  0  0  0  0  
 23 КТС_арт_кафе                        Маяковского_2       2   0.8  R  0  0  0  0  0  0  0  0  0  0  0  0  0  0  0  0  0  0  0  0  0  1  0  0  0  0  0  0  0  0  0  0  
 24 КТС_трен_зал                        Маяковского_2       2   0.8  R  0  0  0  0  0  0  0  0  0  0  0  0  0  0  0  0  0  0  0  0  0  1  0  0  0  0  0  0  0  0  0  0  
 25 КТС_общежитие_мехзавод              Купалы              2   0.8  R  0  0  0  1  0  0  0  0  0  0  0  0  0  0  0  0  0  0  0  0  0  0  0  0  0  0  0  0  0  0  0  0  
 26 КТС_маг_хит_экспресс                купалы_3            2   0.8  R  0  0  0  0  0  0  0  0  0  0  0  0  0  0  0  0  0  0  0  0  1  0  0  0  0  0  0  0  0  0  0  0  
 27 КТС_торг_дом_святочны               советская           2   0.7  R  0  0  0  0  0  0  0  0  0  0  0  0  0  1  0  0  0  0  0  0  0  0  0  0  0  0  0  0  0  0  0  0  
 28 Охр_телев_ОДО                       орловского_2        2  10.6  R  0  0  0  0  1  0  0  0  0  0  0  0  0  0  0  0  0  0  0  0  0  0  0  0  0  0  0  0  0  0  0  0  
 29 КТС_пост_суд                        панкратовская_6     2   2.7  R  0  1  0  0  0  0  0  0  0  0  0  0  0  0  0  0  0  0  0  0  0  0  0  0  0  0  0  0  0  0  0  0  
 30 КТС_суд_исполнители                 панкратовская_6     2   0.7  R  0  1  0  0  0  0  0  0  0  0  0  0  0  0  0  0  0  0  0  0  0  0  0  0  0  0  0  0  0  0  0  0  
 31 КТС_центр_детск_творчества          суворова_2          2   1.1  R  0  0  0  0  0  0  0  0  0  0  0  0  0  0  0  0  0  0  0  0  0  0  0  0  1  0  0  0  0  0  0  0  
 32 КТС_кафе_рико                       первомайская_6      2   0.6  R  0  0  0  0  0  0  0  0  0  0  0  0  0  0  0  0  0  0  0  0  0  0  0  0  1  0  0  0  0  0  0  0  
 33 КТС_несвижский_РОС_ДОСААФ           победы_145          2   0.9  R  0  0  0  0  0  0  0  0  0  0  0  0  0  0  1  0  0  0  0  0  0  0  0  0  0  0  0  0  0  0  0  0  
 34 КТС_маг_комфорт                     советская_12        2   0.7  R  0  0  0  0  0  0  0  0  0  0  0  0  0  0  0  0  0  0  0  0  0  0  0  0  0  0  0  1  0  0  0  0  
 35 АСО_звукозапись                     орловского_2        2   6.4  R  0  0  0  0  1  0  0  0  0  0  0  0  1  0  0  0  0  1  0  0  0  0  0  0  1  0  0  0  0  0  0  0  
 36 РСПИ_Новатех                        орловского_2        2   8.7  R  0  0  0  0  1  0  0  0  0  0  0  0  1  0  0  0  0  1  0  0  0  0  0  0  1  0  0  0  0  0  0  0  
 37 Дизель_генератор                    орловского_2        2   7.0  R  0  0  0  0  1  0  0  0  0  0  0  0  1  0  0  0  0  1  0  0  0  0  0  0  1  0  0  0  0  0  0  0  
 38 Архив_суд_исполнителелей            панкратовская_6     4   1.2  R  0  1  0  0  0  0  0  0  0  0  0  0  0  0  0  0  0  0  0  0  0  0  0  0  0  0  0  0  0  0  0  0  
 39 Прокуратура                         орловского_1        4   1.5  R  0  0  0  0  0  0  0  0  0  0  0  0  0  0  0  0  0  0  0  0  0  0  0  0  0  0  0  0  0  0  0  1  
 40 МАГ_родн_продукт_17сентября         17сентября_4        4   5.7  R  0  0  0  0  0  0  0  0  0  0  0  0  0  0  0  1  0  0  0  0  0  0  0  0  0  0  0  0  0  0  0  0  
 41 ФСЗН                                маяковского_8       4  10.3  R  0  0  0  0  0  0  0  0  0  0  0  0  0  0  0  0  0  0  0  0  0  0  0  1  0  0  0  0  0  0  0  0  
 42 КТС_СШ_№2                           гагарина_4          4  11.3  R  0  0  0  0  0  1  0  0  0  0  0  0  0  0  0  0  0  0  0  0  0  0  0  0  0  0  0  0  0  0  0  0  
 43 маг_родн_прод_(гагарина1)           гагарина_1          4   7.4  R  0  0  0  0  0  0  0  0  0  0  0  0  0  0  1  0  0  0  0  0  0  0  0  0  0  0  0  0  0  0  0  0  
 44 опер_зал_рупс                       маяковского_3       4   3.4  R  0  0  0  0  0  0  0  0  0  0  0  0  0  0  0  0  0  0  0  0  0  0  1  0  0  0  0  0  0  0  0  0  
 45 Спиртохранилище                     Кирова_1            4   4.0  R  0  0  0  0  0  0  0  0  0  0  0  0  0  0  0  1  0  0  0  0  0  0  0  0  0  0  0  0  0  0  0  0  
 46 Банкомат                            Кирова_1            4   1.8  R  0  0  0  0  0  0  0  0  0  0  0  0  0  0  0  1  0  0  0  0  0  0  0  0  0  0  0  0  0  0  0  0  
 47 КТС_СШ_№1                           победы_99           4  11.1  R  0  0  0  0  0  0  0  0  0  0  0  0  1  0  0  0  0  0  0  0  0  0  0  0  0  0  0  0  0  0  0  0  
 48 КТС_СШ_№3                           советская_66        4  10.5  R  0  0  0  0  0  0  0  0  0  0  0  0  0  0  0  0  1  0  0  0  0  0  0  0  0  0  0  0  0  0  0  0  
 49 Видео_наблюд_родн_прод_(гагарина)   гагарина_1          4   3.6  R  0  0  0  0  0  0  0  0  0  0  0  0  0  0  1  0  0  0  0  0  0  0  0  0  0  0  0  0  0  0  0  0  
 50 видео_набл_родн_прод_(17сентября)   17сентября_4        4   3.1  R  0  0  0  0  0  0  0  0  0  0  0  0  0  0  0  1  0  0  0  0  0  0  0  0  0  0  0  0  0  0  0  0  
 51 охр_телев_РИК                       маяковского_10      4   5.1  R  0  0  0  0  0  0  0  0  0  1  0  0  0  0  0  0  0  0  0  0  0  0  0  0  0  0  0  0  0  0  0  0  
 52 СКУД_ОДО                            орловского_2        4   3.2  R  0  0  0  0  1  0  0  0  0  0  0  0  0  0  0  0  0  0  0  0  0  0  0  0  0  0  0  0  0  0  0  0  
 53 КТС_дом_культуры                    маяковского_2       4   0.6  R  0  0  0  0  0  0  0  0  0  0  0  0  0  0  0  0  0  0  0  0  0  0  0  0  0  0  0  0  1  0  0  0  
 54 КТС_общеж_СПЛ_206                   ленина_77           4   0.6  R  0  0  0  0  0  0  0  0  0  0  0  0  0  0  0  0  0  0  0  0  0  0  1  0  0  0  0  0  0  0  0  0  
 55 КТС_общежитие_гимназии              ленина_1            4   1.1  R  0  0  0  0  0  0  0  0  0  0  0  0  0  0  0  0  0  0  0  0  0  0  0  0  0  0  0  0  0  0  1  0  
 56 КТС_гостинница                      первомайская_4      4   0.7  R  0  0  0  0  0  0  0  0  0  0  0  0  0  0  0  0  0  0  0  0  0  0  0  0  0  0  0  0  0  0  1  0  
 57 КТС_маг_мила                        гагарина_1          4   0.8  R  0  0  0  0  0  0  0  0  0  0  0  0  0  0  0  0  0  0  0  0  0  0  0  0  0  0  0  0  0  0  1  0  
 58 КТС_маг_копеечка                    заряновская_7       4   0.9  R  0  0  0  0  0  0  0  0  0  0  0  0  0  0  0  0  0  0  0  0  0  0  0  0  0  0  0  0  0  0  1  0  
 59 КТС_аптека_ванька_встанька          победы_97           4   0.8  R  0  0  0  0  0  0  0  0  0  0  0  0  0  0  0  0  0  0  0  0  0  0  0  0  0  0  0  0  0  0  0  1  
 60 КТС_маг_доброном                    17сентября_2        4   0.6  R  0  0  0  0  0  0  0  0  0  0  0  0  0  0  0  0  0  0  0  0  0  0  0  0  0  0  0  0  0  0  0  1  
 61 КТС_пост_охраны_гортоп              привокзальная_7     4   0.1  R  0  0  0  0  0  0  0  0  0  0  0  0  0  0  0  0  0  0  0  0  0  0  1  0  0  0  0  0  0  0  0  0  
 62 КТС_пост_милиции_гортоп             привокзальная_7     4   1.3  R  0  0  0  0  0  0  0  0  0  0  0  0  0  0  0  0  0  0  0  0  0  0  1  0  0  0  0  0  0  0  0  0  
 63 КТС_ГЗС                             ленина_54           4   0.8  R  0  0  0  0  0  0  0  0  0  0  0  0  0  0  0  0  0  0  0  0  0  0  1  0  0  0  0  0  0  0  0  0  
 64 КТС_пост_№3_СПЛ                     привокзальная_7     4   1.0  R  0  0  0  0  0  0  0  0  0  0  0  0  0  0  0  0  0  0  0  0  0  0  1  0  0  0  0  0  0  0  0  0  
 65 КТС_АЗС_№22                         ленина_54           4   0.9  R  0  0  0  0  0  0  0  0  0  0  0  0  0  0  0  0  0  0  0  0  0  0  1  0  0  0  0  0  0  0  0  0  
 66 КТС_пост_спл_206,сейфовое_помещ     ленина_77           4   2.4  R  0  0  0  0  0  0  0  0  0  0  0  0  0  0  0  0  0  0  0  0  0  0  1  0  0  0  0  0  0  0  0  0  
 67 КТС_маг_друзья                      Ленина_71           4   0.7  R  0  0  0  0  0  0  0  0  0  0  0  0  0  0  0  0  0  0  0  0  0  0  1  0  0  0  0  0  0  0  0  0  
 68 КТС_общежитие_кмк                   победы              4   0.8  R  0  0  0  0  0  0  0  0  0  0  0  0  0  0  0  1  0  0  0  0  0  0  0  0  0  0  0  0  0  0  0  0  
 69 Энергосбыт                          советская_1         4  10.9  R  0  0  0  0  0  0  0  0  0  0  0  0  0  0  0  0  0  0  0  0  0  0  0  0  0  0  0  0  0  1  0  0  
 70 энергонадзор                        советская_1         4   1.4  R  0  0  0  0  0  0  0  0  0  0  0  0  0  0  0  0  0  0  0  0  0  0  0  0  0  0  0  0  0  1  0  0  
 71 КТС_бар_DUCK                        маяковского_2       4   0.7  R  0  0  0  0  0  0  0  0  0  0  0  0  0  0  0  0  0  0  0  0  0  0  0  0  0  0  0  0  0  0  1  0  
